[header.jpg]
moddate=80547d16a5e5ce01
width=998
height=304
text=2;139;16;Abhishek Kharche;Andalus;0.097296,0.206356,0.158048,6.283185;v1,4287079088,4287079088,128.000000,1.000000,0.500000,0.578125,400,2,49152;;198;73;Graduate Student,&#010;Computer & Information Science,&#010;University of Delaware.;DokChampa;0.101626,0.525129,0.055679,6.283185;v1,4278190080,4278190080,128.000000,1.000000,0.500000,0.625000,400,2,49152;;
textactive=1
